         205
   330000.00000000000        7430500.0000000000       -1.0000000000000000       0.21947514301447896      
   330000.00000000000        7431000.0000000000       -1.0000000000000000       0.22509881523166952      
   330000.00000000000        7431500.0000000000       -1.0000000000000000       0.22419189242425477      
   330000.00000000000        7432000.0000000000       -1.0000000000000000       0.22070443517447411      
   330000.00000000000        7432500.0000000000       -1.0000000000000000       0.21233543854001305      
   330500.00000000000        7430500.0000000000       -1.0000000000000000       0.40880035915003088      
   330500.00000000000        7431000.0000000000       -1.0000000000000000       0.41286468106089180      
   330500.00000000000        7431500.0000000000       -1.0000000000000000       0.41253032364918180      
   330500.00000000000        7432000.0000000000       -1.0000000000000000       0.41009366366025629      
   330500.00000000000        7432500.0000000000       -1.0000000000000000       0.40151257791868350      
   331000.00000000000        7430500.0000000000       -1.0000000000000000       0.61743669572473503      
   331000.00000000000        7431000.0000000000       -1.0000000000000000       0.62083516301757768      
   331000.00000000000        7431500.0000000000       -1.0000000000000000       0.62343454404713139      
   331000.00000000000        7432000.0000000000       -1.0000000000000000       0.61670840738991439      
   331000.00000000000        7432500.0000000000       -1.0000000000000000       0.61031593579703225      
   331500.00000000000        7430500.0000000000       -1.0000000000000000       0.84937885664715485      
   331500.00000000000        7431000.0000000000       -1.0000000000000000       0.85364520162204471      
   331500.00000000000        7431500.0000000000       -1.0000000000000000       0.85272367268775140      
   331500.00000000000        7432000.0000000000       -1.0000000000000000       0.85019459866258618      
   331500.00000000000        7432500.0000000000       -1.0000000000000000       0.84088324906637113      
   332000.00000000000        7430500.0000000000       -1.0000000000000000        1.1071073863218628      
   332000.00000000000        7431000.0000000000       -1.0000000000000000        1.1121865313802313      
   332000.00000000000        7431500.0000000000       -1.0000000000000000        1.1120276565804712      
   332000.00000000000        7432000.0000000000       -1.0000000000000000        1.1074683371562701      
   332000.00000000000        7432500.0000000000       -1.0000000000000000        1.0985372681716179      
   332500.00000000000        7430500.0000000000       -1.0000000000000000        1.3959296453143644      
   332500.00000000000        7431000.0000000000       -1.0000000000000000        1.3995637532735736      
   332500.00000000000        7431500.0000000000       -1.0000000000000000        1.3986748505202102      
   332500.00000000000        7432000.0000000000       -1.0000000000000000        1.3951682199517563      
   332500.00000000000        7432500.0000000000       -1.0000000000000000        1.3866362760956030      
   333000.00000000000        7430500.0000000000       -1.0000000000000000        1.7183770895360153      
   333000.00000000000        7431000.0000000000       -1.0000000000000000        1.7220994009440995      
   333000.00000000000        7431500.0000000000       -1.0000000000000000        1.7209506407546189      
   333000.00000000000        7432000.0000000000       -1.0000000000000000        1.7170151500592730      
   333000.00000000000        7432500.0000000000       -1.0000000000000000        1.7091378665413086      
   333500.00000000000        7430500.0000000000       -1.0000000000000000        2.0787214279790067      
   333500.00000000000        7431000.0000000000       -1.0000000000000000        2.0829209412741281      
   333500.00000000000        7431500.0000000000       -1.0000000000000000        2.0822234117492582      
   333500.00000000000        7432000.0000000000       -1.0000000000000000        2.0781911725573998      
   333500.00000000000        7432500.0000000000       -1.0000000000000000        2.0689552452616153      
   334000.00000000000        7430500.0000000000       -1.0000000000000000        2.4807840692636636      
   334000.00000000000        7431000.0000000000       -1.0000000000000000        2.4837407152266371      
   334000.00000000000        7431500.0000000000       -1.0000000000000000        2.4841727352702754      
   334000.00000000000        7432000.0000000000       -1.0000000000000000        2.4800668466326798      
   334000.00000000000        7432500.0000000000       -1.0000000000000000        2.4709413392901522      
   334500.00000000000        7430500.0000000000       -1.0000000000000000        2.9213299887646960      
   334500.00000000000        7431000.0000000000       -1.0000000000000000        2.9259321517318684      
   334500.00000000000        7431500.0000000000       -1.0000000000000000        2.9271742636296083      
   334500.00000000000        7432000.0000000000       -1.0000000000000000        2.9211564227818902      
   334500.00000000000        7432500.0000000000       -1.0000000000000000        2.9126386455443205      
   335000.00000000000        7430500.0000000000       -1.0000000000000000        3.3976653243961290      
   335000.00000000000        7431000.0000000000       -1.0000000000000000        3.4015076419188328      
   335000.00000000000        7431500.0000000000       -1.0000000000000000        3.4034025099279503      
   335000.00000000000        7432000.0000000000       -1.0000000000000000        3.3973403834960609      
   335000.00000000000        7432500.0000000000       -1.0000000000000000        3.3895752495301603      
   335500.00000000000        7430500.0000000000       -1.0000000000000000        3.8942228081670316      
   335500.00000000000        7431000.0000000000       -1.0000000000000000        3.8992479314048087      
   335500.00000000000        7431500.0000000000       -1.0000000000000000        3.8996405744225049      
   335500.00000000000        7432000.0000000000       -1.0000000000000000        3.8951173019947278      
   335500.00000000000        7432500.0000000000       -1.0000000000000000        3.8859157216669415      
   336000.00000000000        7430500.0000000000       -1.0000000000000000        4.3911833776504050      
   336000.00000000000        7431000.0000000000       -1.0000000000000000        4.3955617951077963      
   336000.00000000000        7431500.0000000000       -1.0000000000000000        4.3959472174489731      
   336000.00000000000        7432000.0000000000       -1.0000000000000000        4.3911392735999613      
   336000.00000000000        7432500.0000000000       -1.0000000000000000        4.3824130753536563      
   336500.00000000000        7430500.0000000000       -1.0000000000000000        4.8601810476111797      
   336500.00000000000        7431000.0000000000       -1.0000000000000000        4.8640267543824027      
   336500.00000000000        7431500.0000000000       -1.0000000000000000        4.8637251734504616      
   336500.00000000000        7432000.0000000000       -1.0000000000000000        4.8605032134101371      
   336500.00000000000        7432500.0000000000       -1.0000000000000000        4.8512731199953469      
   337000.00000000000        7430500.0000000000       -1.0000000000000000        5.2805187500298532      
   337000.00000000000        7431000.0000000000       -1.0000000000000000        5.2848949684058999      
   337000.00000000000        7431500.0000000000       -1.0000000000000000        5.2851582900864029      
   337000.00000000000        7432000.0000000000       -1.0000000000000000        5.2808902781559031      
   337000.00000000000        7432500.0000000000       -1.0000000000000000        5.2722300060260503      
   337500.00000000000        7430500.0000000000       -1.0000000000000000        5.6380202638842851      
   337500.00000000000        7431000.0000000000       -1.0000000000000000        5.6419655654851093      
   337500.00000000000        7431500.0000000000       -1.0000000000000000        5.6423376889501267      
   337500.00000000000        7432000.0000000000       -1.0000000000000000        5.6376975570083987      
   337500.00000000000        7432500.0000000000       -1.0000000000000000        5.6284042977601647      
   338000.00000000000        7430500.0000000000       -1.0000000000000000        5.9270409646991471      
   338000.00000000000        7431000.0000000000       -1.0000000000000000        5.9301560522707044      
   338000.00000000000        7431500.0000000000       -1.0000000000000000        5.9288882791755482      
   338000.00000000000        7432000.0000000000       -1.0000000000000000        5.9244554918195327      
   338000.00000000000        7432500.0000000000       -1.0000000000000000        5.9157595239770311      
   338500.00000000000        7430500.0000000000       -1.0000000000000000        6.1417775002214778      
   338500.00000000000        7431000.0000000000       -1.0000000000000000        6.1451561384524007      
   338500.00000000000        7431500.0000000000       -1.0000000000000000        6.1439617500472430      
   338500.00000000000        7432000.0000000000       -1.0000000000000000        6.1399347039979375      
   338500.00000000000        7432500.0000000000       -1.0000000000000000        6.1305083533687066      
   339000.00000000000        7430500.0000000000       -1.0000000000000000        6.2841197231040278      
   339000.00000000000        7431000.0000000000       -1.0000000000000000        6.2869329910710698      
   339000.00000000000        7431500.0000000000       -1.0000000000000000        6.2875901620582439      
   339000.00000000000        7432000.0000000000       -1.0000000000000000        6.2828802490664328      
   339000.00000000000        7432500.0000000000       -1.0000000000000000        6.2739168738689086      
   339500.00000000000        7430500.0000000000       -1.0000000000000000        6.3543453770347220      
   339500.00000000000        7431000.0000000000       -1.0000000000000000        6.3585819158108361      
   339500.00000000000        7431500.0000000000       -1.0000000000000000        6.3578085167889498      
   339500.00000000000        7432000.0000000000       -1.0000000000000000        6.3538658464923587      
   339500.00000000000        7432500.0000000000       -1.0000000000000000        6.3446758835453565      
   340000.00000000000        7430500.0000000000       -1.0000000000000000        6.3542134374609232      
   340000.00000000000        7431000.0000000000       -1.0000000000000000        6.3596274877044170      
   340000.00000000000        7431500.0000000000       -1.0000000000000000        6.3585883453198973      
   340000.00000000000        7432000.0000000000       -1.0000000000000000        6.3538487747774024      
   340000.00000000000        7432500.0000000000       -1.0000000000000000        6.3442966860281782      
   340500.00000000000        7430500.0000000000       -1.0000000000000000        6.2837219174193510      
   340500.00000000000        7431000.0000000000       -1.0000000000000000        6.2872908400842356      
   340500.00000000000        7431500.0000000000       -1.0000000000000000        6.2870214903176720      
   340500.00000000000        7432000.0000000000       -1.0000000000000000        6.2822671534201646      
   340500.00000000000        7432500.0000000000       -1.0000000000000000        6.2733729437973897      
   341000.00000000000        7430500.0000000000       -1.0000000000000000        6.1399300979189331      
   341000.00000000000        7431000.0000000000       -1.0000000000000000        6.1446449378175245      
   341000.00000000000        7431500.0000000000       -1.0000000000000000        6.1439611942382930      
   341000.00000000000        7432000.0000000000       -1.0000000000000000        6.1391630306151175      
   341000.00000000000        7432500.0000000000       -1.0000000000000000        6.1300280597327319      
   341500.00000000000        7430500.0000000000       -1.0000000000000000        5.9257690595174983      
   341500.00000000000        7431000.0000000000       -1.0000000000000000        5.9293758515097528      
   341500.00000000000        7431500.0000000000       -1.0000000000000000        5.9297688458812221      
   341500.00000000000        7432000.0000000000       -1.0000000000000000        5.9258691064140159      
   341500.00000000000        7432500.0000000000       -1.0000000000000000        5.9161214981369650      
   342000.00000000000        7430500.0000000000       -1.0000000000000000        5.6384031038956310      
   342000.00000000000        7431000.0000000000       -1.0000000000000000        5.6408405785684561      
   342000.00000000000        7431500.0000000000       -1.0000000000000000        5.6418230883020728      
   342000.00000000000        7432000.0000000000       -1.0000000000000000        5.6389993971433992      
   342000.00000000000        7432500.0000000000       -1.0000000000000000        5.6293059978273901      
   342500.00000000000        7430500.0000000000       -1.0000000000000000        5.2803014577939802      
   342500.00000000000        7431000.0000000000       -1.0000000000000000        5.2850291292890113      
   342500.00000000000        7431500.0000000000       -1.0000000000000000        5.2853843780476568      
   342500.00000000000        7432000.0000000000       -1.0000000000000000        5.2807497476894785      
   342500.00000000000        7432500.0000000000       -1.0000000000000000        5.2709475025852619      
   343000.00000000000        7430500.0000000000       -1.0000000000000000        4.8585621729999415      
   343000.00000000000        7431000.0000000000       -1.0000000000000000        4.8630144837188798      
   343000.00000000000        7431500.0000000000       -1.0000000000000000        4.8646749683920048      
   343000.00000000000        7432000.0000000000       -1.0000000000000000        4.8602749111850221      
   343000.00000000000        7432500.0000000000       -1.0000000000000000        4.8508336795611369      
   343500.00000000000        7430500.0000000000       -1.0000000000000000        4.3911040312844358      
   343500.00000000000        7431000.0000000000       -1.0000000000000000        4.3944188973825566      
   343500.00000000000        7431500.0000000000       -1.0000000000000000        4.3958012165477109      
   343500.00000000000        7432000.0000000000       -1.0000000000000000        4.3911670645012615      
   343500.00000000000        7432500.0000000000       -1.0000000000000000        4.3824101880287234      
   344000.00000000000        7430500.0000000000       -1.0000000000000000        3.8950759901016969      
   344000.00000000000        7431000.0000000000       -1.0000000000000000        3.8992528132000674      
   344000.00000000000        7431500.0000000000       -1.0000000000000000        3.9001107898530805      
   344000.00000000000        7432000.0000000000       -1.0000000000000000        3.8963357322019312      
   344000.00000000000        7432500.0000000000       -1.0000000000000000        3.8859959831641535      
   344500.00000000000        7430500.0000000000       -1.0000000000000000        3.3993979701131840      
   344500.00000000000        7431000.0000000000       -1.0000000000000000        3.4024349424300326      
   344500.00000000000        7431500.0000000000       -1.0000000000000000        3.4033766205586740      
   344500.00000000000        7432000.0000000000       -1.0000000000000000        3.3994794543663303      
   344500.00000000000        7432500.0000000000       -1.0000000000000000        3.3900336094641399      
   345000.00000000000        7430500.0000000000       -1.0000000000000000        2.9226290440690019      
   345000.00000000000        7431000.0000000000       -1.0000000000000000        2.9268884903039063      
   345000.00000000000        7431500.0000000000       -1.0000000000000000        2.9263489224650723      
   345000.00000000000        7432000.0000000000       -1.0000000000000000        2.9220430139813240      
   345000.00000000000        7432500.0000000000       -1.0000000000000000        2.9132718683104608      
   345500.00000000000        7430500.0000000000       -1.0000000000000000        2.4803407653860878      
   345500.00000000000        7431000.0000000000       -1.0000000000000000        2.4835443986554853      
   345500.00000000000        7431500.0000000000       -1.0000000000000000        2.4847850421344941      
   345500.00000000000        7432000.0000000000       -1.0000000000000000        2.4802020419831647      
   345500.00000000000        7432500.0000000000       -1.0000000000000000        2.4714955129949785      
   346000.00000000000        7430500.0000000000       -1.0000000000000000        2.0801483152884082      
   346000.00000000000        7431000.0000000000       -1.0000000000000000        2.0829854302836046      
   346000.00000000000        7431500.0000000000       -1.0000000000000000        2.0829936183232247      
   346000.00000000000        7432000.0000000000       -1.0000000000000000        2.0790653145335440      
   346000.00000000000        7432500.0000000000       -1.0000000000000000        2.0711971533084839      
   346500.00000000000        7430500.0000000000       -1.0000000000000000        1.7192462771210484      
   346500.00000000000        7431000.0000000000       -1.0000000000000000        1.7241625635237889      
   346500.00000000000        7431500.0000000000       -1.0000000000000000        1.7234935319492690      
   346500.00000000000        7432000.0000000000       -1.0000000000000000        1.7185456613616052      
   346500.00000000000        7432500.0000000000       -1.0000000000000000        1.7097619601281879      
   347000.00000000000        7430500.0000000000       -1.0000000000000000        1.3959446917655638      
   347000.00000000000        7431000.0000000000       -1.0000000000000000        1.3993939465324536      
   347000.00000000000        7431500.0000000000       -1.0000000000000000        1.4009637496638754      
   347000.00000000000        7432000.0000000000       -1.0000000000000000        1.3974480708525041      
   347000.00000000000        7432500.0000000000       -1.0000000000000000        1.3880524022696819      
   347500.00000000000        7430500.0000000000       -1.0000000000000000        1.1078233470837211      
   347500.00000000000        7431000.0000000000       -1.0000000000000000        1.1126098949058925      
   347500.00000000000        7431500.0000000000       -1.0000000000000000        1.1137398314397908      
   347500.00000000000        7432000.0000000000       -1.0000000000000000        1.1076163693448697      
   347500.00000000000        7432500.0000000000       -1.0000000000000000        1.1003443691788395      
   348000.00000000000        7430500.0000000000       -1.0000000000000000       0.84973550430899980      
   348000.00000000000        7431000.0000000000       -1.0000000000000000       0.85281146701137112      
   348000.00000000000        7431500.0000000000       -1.0000000000000000       0.85443266256905626      
   348000.00000000000        7432000.0000000000       -1.0000000000000000       0.85123087131658826      
   348000.00000000000        7432500.0000000000       -1.0000000000000000       0.84287154757714688      
   348500.00000000000        7430500.0000000000       -1.0000000000000000       0.61911092317641148      
   348500.00000000000        7431000.0000000000       -1.0000000000000000       0.62230028225721257      
   348500.00000000000        7431500.0000000000       -1.0000000000000000       0.62407107730768219      
   348500.00000000000        7432000.0000000000       -1.0000000000000000       0.61877876999455450      
   348500.00000000000        7432500.0000000000       -1.0000000000000000       0.61243157780073443      
   349000.00000000000        7430500.0000000000       -1.0000000000000000       0.40980294137315804      
   349000.00000000000        7431000.0000000000       -1.0000000000000000       0.41425871011154691      
   349000.00000000000        7431500.0000000000       -1.0000000000000000       0.41350543695686048      
   349000.00000000000        7432000.0000000000       -1.0000000000000000       0.41096334698796810      
   349000.00000000000        7432500.0000000000       -1.0000000000000000       0.40315629083705634      
   349500.00000000000        7430500.0000000000       -1.0000000000000000       0.22118557088109800      
   349500.00000000000        7431000.0000000000       -1.0000000000000000       0.22582362747502613      
   349500.00000000000        7431500.0000000000       -1.0000000000000000       0.22565830682059654      
   349500.00000000000        7432000.0000000000       -1.0000000000000000       0.22145865425689867      
   349500.00000000000        7432500.0000000000       -1.0000000000000000       0.21340250661201529      
   350000.00000000000        7430500.0000000000       -1.0000000000000000        4.9354789222352001E-002 
   350000.00000000000        7431000.0000000000       -1.0000000000000000        5.4512670747470231E-002 
   350000.00000000000        7431500.0000000000       -1.0000000000000000        5.4345956710712295E-002 
   350000.00000000000        7432000.0000000000       -1.0000000000000000        5.0156945054717045E-002 
   350000.00000000000        7432500.0000000000       -1.0000000000000000        4.2097460671020687E-002 

